108600
108650
611302
611390
613672
614487
617560
114580
212050
613108
613956
614162
610019
614422
614691
615188
118100
613702
616549
607831
121400
217300
123700
219100
219150
219200
612940
613177
614434
614437
614438
616603
617402
617403
124900
600101
600652
600965
600994
601316
601317
601369
601412
601543
601544
601868
602459
603622
603964
604717
605192
605583
606012
606282
606346
606346
606451
606705
607017
607453
607683
607841
608224
608372
608394
608641
608645
608652
609965
612431
612642
612643
612644
613074
613558
614152
614211
614614
615629
615649
615654
616044
616340
616357
616697
616707
616968
616969
617605
617606
617663
617772
618140
616779
127550
224230
613987
613988
613989
613989
613990
615190
615190
616353
616553
616553
128101
224500
156200
612337
612580
612581
612621
613970
614104
614113
614255
614256
614257
614563
615074
615075
615502
615761
615828
615834
615866
616078
616083
616158
616268
616311
616351
616355
616362
616393
616521
616579
616944
616973
616977
617061
617600
617601
617635
617751
617752
617787
617788
617796
617798
617799
617831
617854
618050
618106
157640
258450
609283
609286
610131
613077
615156
616479
617069
617070
618098
160150
614166
614167
615420
615431
615946
617238
161800
256030
609273
609284
609285
610687
615348
617336
605275
260130
260300
606324
612953
616710
616840
265400
184840
215150
176860
612304
612336
614514
193100
613312
202700
610738
612541
613107
615285
616022
617014
604232
219200
220290
600060
600316
600791
600792
600971
600974
601071
601071
601072
601386
601386
601869
602092
603010
603098
603629
603678
603720
604060
605428
605818
607039
607084
607101
607239
607821
608219
608264
608265
608565
608653
609006
609439
609533
609646
609647
609706
609823
609941
609946
609952
610143
610153
610154
610212
610220
610248
610265
610419
611022
611451
612433
612645
612789
613079
613285
613307
613391
613392
613453
613685
613718
613865
613916
614035
614414
614617
614861
614899
614934
614944
614945
615429
615540
615837
615974
616042
616515
616705
617637
617639
617654
618003
618013
618094
618145
221900
611308
187800
242100
242300
242500
601277
602400
604777
606545
612281
613943
615022
615023
615024
617320
617571
617574
249500
607417
608443
611090
611091
611092
611093
611095
611096
611097
611107
613192
614020
614202
614208
614249
614329
614333
614340
614341
614342
614343
614344
614345
614346
614347
614499
615162
615286
615493
615516
615541
615599
615637
615802
615817
615942
615979
616116
616193
616269
616281
616460
616739
616887
616917
617028
617051
617125
617188
617270
617323
617432
617773
618095
618103
618109
251200
604317
604321
604804
608393
608716
612703
614673
614852
615095
615414
616051
616080
616402
616486
616681
617090
617520
617800
617914
617983
617984
617985
251270
616171
616335
253600
253601
253700
254110
601287
601954
604286
608099
608807
611307
613723
615356
616827
617072
617232
618138
610100
167100
259100
614441
259700
259710
259720
259730
611490
611497
612301
615085
612567
613148
600105
613731
180700
268310
616331
616894
277300
608681
609813
613686
146450
226990
613796
614162
614892
614893
182600
182601
270700
270800
600363
601162
603563
604187
604360
604805
605229
605280
607152
607259
607584
608220
609041
609195
609340
609727
610244
610250
610357
611225
611252
611945
612020
612319
612335
612539
612936
613096
613162
613206
613364
613647
613744
614066
614067
614409
614898
615030
615031
615033
615035
615043
615491
615658
615683
615685
616282
616451
616586
616680
616907
617046
617225
129490
224900
614940
614941
233690
613960
605376
606325
613751
614779
616749
617205
181350
612998
612999
616516
163500
257270
610444
610445
613216
613830
614565
615058
164100
193003
257400
608345
614826
601198
601198
615361
615214
616941
603511
608423
609115
618129
278150
604379
166600
607634
618107
601071
601071
609129
609161
616922
